0 600 40000 5
2520 540 60 60
2720 480 60 120
3550 440 60 15
4320 540 60 60
4520 480 60 120
4720 420 60 180
5875 470 60 60
6325 210 780 60
7655 470 60 60
8000 540 60 60
8400 470 60 60
8850 540 360 60
9390 480 300 120
9810 540 420 60
10530 420 60 30
10770 360 60 30
11010 300 60 30
11190 480 180 30
11430 540 120 30
11730 480 60 30
11970 420 60 30
12090 480 60 30
12210 540 240 60
12570 540 60 60
12810 480 60 120
13050 420 60 180
13410 480 60 120
13560 540 60 60
13800 480 60 120
14040 420 60 180
14290 360 60 240
14650 540 120 60
14950 480 60 120
15190 420 60 180
15370 540 180 60
16690 540 60 60
16930 480 60 120
17170 420 60 180
17410 360 360 240
17830 420 180 30
18070 480 60 30
18370 300 60 30
18610 240 60 30
18760 300 60 30
18880 360 60 30
19000 420 120 30
19300 480 720 30
20200 420 60 30
20440 360 60 30
20680 300 60 30
20980 360 60 30
21220 360 60 240
22960 360 120 60
23560 480 60 120
23740 360 60 240
23920 280 240 30
24300 0 60 200
24300 420 60 180
24360 0 10000 5
24450 405 60 60
24600 427 60 60
24750 207 60 60
24900 171 60 60
25050 483 60 60
25200 37 60 60
25350 385 60 60
25500 456 60 60
25650 497 60 60
25800 526 60 60
25950 30 60 60
26100 503 60 60
26250 529 60 60
26400 3 60 60
26550 429 60 60
26700 173 60 60
26850 461 60 60
27000 239 60 60
27150 117 60 60
27300 489 60 60
27450 152 60 60
27600 243 60 60
27750 450 60 60
27900 529 60 60
28050 201 60 60
28200 399 60 60
28350 366 60 60
28500 80 60 60
28650 365 60 60
28800 55 60 60
28950 417 60 60
29100 472 60 60
29250 505 60 60
29400 163 60 60
29550 383 60 60
29700 525 60 60
29850 83 60 60
30000 148 60 60
30150 380 60 60
30300 224 60 60
30450 534 60 60
30600 206 60 60
30750 9 60 60
30900 205 60 60
31050 423 60 60
31200 49 60 60
31350 20 60 60
31500 93 60 60
31650 357 60 60