1410 540 3
1870 540 2
2400 540 2
3360 540 4
3600 540 4
4200 540 2
4780 540 3
5375 540 2
5625 540 1
5875 410 1
6125 540 1
6325 240 8
6565 240 8
6805 240 8
7045 240 5
7405 540 1
7655 410 1
7880 540 2
8060 540 3
8400 410 1
8610 540 4
9210 540 3
9690 540 2
10230 540 4
10470 540 4
10710 540 4
10950 540 4
11190 540 4
11430 540 4
11670 540 4
11910 540 4
12450 540 2
12630 540 3
12870 540 3
13110 540 4
13350 540 1
13470 540 1
13620 540 3
13860 540 3
14100 540 3
14350 540 4
14590 540 1
14770 540 3
15010 540 3
15250 540 2
15370 540 4
15610 540 1
15970 540 1
16270 540 2
16570 540 2
16750 540 3
16990 540 3
17230 540 3
17770 540 4
18010 540 4
18250 540 4
18490 540 4
18730 540 4
18970 540 4
19210 540 4
19450 540 4
19690 540 4
19930 540 4
20170 540 4
20410 540 4
20650 540 4
20890 540 4
21280 540 4
21520 540 1
22420 540 2
22720 540 2
22960 390 2
2520 540 13
2720 480 13
2720 540 13
3550 440 13
4320 540 13
4520 480 13
4520 540 13
4720 420 13
4720 480 13
4720 540 13
5875 470 13
6325 210 13
6385 210 13
6445 210 13
6505 210 13
6565 210 13
6625 210 13
6685 210 13
6745 210 13
6805 210 13
6865 210 13
6925 210 13
6985 210 13
7045 210 13
7655 470 13
8000 540 13
8400 470 13
8850 540 13
8910 540 13
8970 540 13
9030 540 13
9090 540 13
9150 540 13
9390 480 13
9390 540 13
9450 480 13
9450 540 13
9510 480 13
9510 540 13
9570 480 13
9570 540 13
9630 480 13
9630 540 13
9810 540 13
9870 540 13
9930 540 13
9990 540 13
10050 540 13
10110 540 13
10170 540 13
10530 420 13
10770 360 13
11010 300 13
11190 480 13
11250 480 13
11310 480 13
11430 540 13
11490 540 13
11730 480 13
11970 420 13
12090 480 13
12210 540 13
12270 540 13
12330 540 13
12390 540 13
12570 540 13
12810 480 13
12810 540 13
13050 420 13
13050 480 13
13050 540 13
13410 480 13
13410 540 13
13560 540 13
13800 480 13
13800 540 13
14040 420 13
14040 480 13
14040 540 13
14290 360 13
14290 420 13
14290 480 13
14290 540 13
14650 540 13
14710 540 13
14950 480 13
14950 540 13
15190 420 13
15190 480 13
15190 540 13
15370 540 13
15430 540 13
15490 540 13
16690 540 13
16930 480 13
16930 540 13
17170 420 13
17170 480 13
17170 540 13
17410 360 13
17410 420 13
17410 480 13
17410 540 13
17470 360 13
17470 420 13
17470 480 13
17470 540 13
17530 360 13
17530 420 13
17530 480 13
17530 540 13
17590 360 13
17590 420 13
17590 480 13
17590 540 13
17650 360 13
17650 420 13
17650 480 13
17650 540 13
17710 360 13
17710 420 13
17710 480 13
17710 540 13
17830 420 13
17890 420 13
17950 420 13
18070 480 13
18370 300 13
18610 240 13
18760 300 13
18880 360 13
19000 420 13
19060 420 13
19300 480 13
19360 480 13
19420 480 13
19480 480 13
19540 480 13
19600 480 13
19660 480 13
19720 480 13
19780 480 13
19840 480 13
19900 480 13
19960 480 13
20200 420 13
20440 360 13
20680 300 13
20980 360 13
21220 360 13
21220 420 13
21220 480 13
21220 540 13
22960 360 13
23020 360 13
23560 480 13
23560 540 13
23740 360 13
23740 420 13
23740 480 13
23740 540 13
23920 280 13
23980 280 13
24040 280 13
24100 280 13
24300 0 13
24300 260 10
24300 60 13
24300 120 13
24300 180 13
24300 420 13
24300 480 13
24300 540 13
24450 405 13
24600 427 13
24750 207 13
24900 171 13
25050 483 13
25200 37 13
25350 385 13
25500 456 13
25650 497 13
25800 526 13
25950 30 13
26100 503 13
26250 529 13
26400 3 13
26550 429 13
26700 173 13
26850 461 13
27000 239 13
27150 117 13
27300 489 13
27450 152 13
27600 243 13
27750 450 13
27900 529 13
28050 201 13
28200 399 13
28350 366 13
28500 80 13
28650 365 13
28800 55 13
28950 417 13
29100 472 13
29250 505 13
29400 163 13
29550 383 13
29700 525 13
29850 83 13
30000 148 13
30150 380 13
30300 224 13
30450 534 13
30600 206 13
30750 9 13
30900 205 13
31050 423 13
31200 49 13
31350 20 13
31500 93 13
31650 357 13
31850 0 14