0 600 30000 5
1410 570 230 30
1870 570 120 30
2400 570 120 30
2520 540 60 60
2720 480 60 120
3550 440 60 15
3360 570 480 30
4200 570 120 30
4320 540 60 60
4520 480 60 120
4720 420 60 180
4780 570 180 30
5375 570 120 30
5625 570 60 30
5875 470 60 60
5875 440 60 30
6125 570 60 30
6325 270 780 30
6325 210 780 60
7405 570 60 30
7655 470 60 60
7655 440 60 30
7880 570 120 30
8000 540 60 60
8060 570 180 30
8400 470 60 60
8400 440 60 30
8610 570 240 30
8850 540 360 60
9210 570 180 30
9390 480 300 120
9690 570 120 30
9810 540 420 60
10230 570 1980 30
10530 420 60 30
10770 360 60 30
11010 300 60 30
11190 480 180 30
11430 540 120 30
11730 480 60 30
11970 420 60 30
12090 480 60 30
12210 540 240 60
12450 570 120 30
12570 540 60 60
12630 570 180 30
12810 480 60 120
12870 570 180 30
13050 420 60 180
13110 570 300 30
13410 480 60 120
13470 570 90 30
13560 540 60 60
13620 570 180 30
13800 480 60 120
13860 570 180 30
14040 420 60 180
14100 570 190 30
14290 360 60 240
14350 570 300 30
14650 540 120 60
14770 570 180 30
14950 480 60 120
15010 570 180 30
15190 420 60 180
15250 570 120 30
15370 540 180 60
15370 570 330 30
15970 570 60 30
16270 570 120 30
16570 570 120 30
16690 540 60 60
16750 570 180 30
16930 480 60 120
16990 570 180 30
17170 420 60 180
17230 570 180 30
17410 360 360 240
17770 570 3450 30
17830 420 180 30
18070 480 60 30
18370 300 60 30
18610 240 60 30
18760 300 60 30
18880 360 60 30
19000 420 120 30
19300 480 720 30
20200 420 60 30
20440 360 60 30
20680 300 60 30
20980 360 60 30
21220 360 60 240
21280 570 300 30
22420 570 120 30
22720 570 120 30
22960 360 120 60
22960 420 120 30
23560 480 60 120
23740 360 60 240
23920 280 240 30
24300 0 60 200
24300 420 60 180
24450 405 60 60
24600 427 60 60
24750 207 60 60
24900 171 60 60
25050 483 60 60
25200 37 60 60
25350 385 60 60
25500 456 60 60
25650 497 60 60
25800 526 60 60
25950 30 60 60
26100 503 60 60
26250 529 60 60
26400 3 60 60
26550 429 60 60
26700 173 60 60
26850 461 60 60
27000 239 60 60
27150 117 60 60
27300 489 60 60
27450 152 60 60
27600 243 60 60
27750 450 60 60
27900 529 60 60
28050 201 60 60
28200 399 60 60
28350 366 60 60
28500 80 60 60
28650 365 60 60
28800 55 60 60
28950 417 60 60
29100 472 60 60
29250 505 60 60
29400 163 60 60
29550 383 60 60
29700 525 60 60
29850 83 60 60
30000 148 60 60
30150 380 60 60
30300 224 60 60
30450 534 60 60
30600 206 60 60
30750 9 60 60
30900 205 60 60
31050 423 60 60
31200 49 60 60
31350 20 60 60
31500 93 60 60
31650 357 60 60