0 600 30000 5
1200 570 120 30
2000 480 60 120
2180 375 60 225
2360 270 60 330
2420 570 180 30
3200 320 30 280
3200 320 400 30
3200 180 480 30
3400 210 30 20
3525 300 30 20
3650 210 30 20
4300 540 360 60
4300 0 360 360
5000 260 360 340
5000 0 360 60
5900 0 30 530
6400 360 360 240
6400 0 360 180
7600 0 60 480
8600 240 60 360
8600 0 60 60
10000 360 360 30
10360 570 750 30
12000 570 30 30
12300 570 30 30
12600 570 30 30
12900 570 30 30
13200 570 30 30
13500 570 30 30
14400 570 30 30
14700 120 30 30
15000 570 30 30
15300 120 30 30
15600 570 30 30
15900 120 30 30
16200 570 30 30
16500 120 30 30
18000 300 30 300
18400 0 30 300
18800 300 30 300
19200 0 30 300
19600 300 30 300
20000 0 30 300
20400 300 30 300
22000 530 30 70