1200 540 2
2420 540 3
3390 210 5
3515 260 1
3640 210 5
3200 230 12
14000 480 12
8950 0 15
3200 320 13
3200 380 13
3200 440 13
3200 500 13
3200 560 13
20950 0 15
6800 180 10
17000 480 10
4060 480 11
4300 320 8
4540 320 6
4300 520 4
4540 520 2
4300 580 13
4360 580 13
4420 580 13
4480 580 13
4540 580 13
4580 580 13
4620 580 13
2000 480 13
2000 540 13
2180 375 13
2180 435 13
2180 495 13
2180 555 13
2360 270 13
2360 330 13
2360 390 13
2360 450 13
2360 510 13
2360 570 13
3200 320 13
3260 320 13
3320 320 13
3380 320 13
3440 320 13
3500 320 13
3200 145 13
3260 145 13
3320 145 13
3380 145 13
3440 145 13
3500 145 13
3560 145 13
3620 145 13
10000 360 13
10060 360 13
10120 360 13
10180 360 13
10240 360 13
10300 360 13
4300 540 13
4360 540 13
4420 540 13
4480 540 13
4540 540 13
4600 540 13
4300 0 13
4300 60 13
4300 120 13
4300 180 13
4300 240 13
4300 300 13
4360 0 13
4360 60 13
4360 120 13
4360 180 13
4360 240 13
4360 300 13
4420 0 13
4420 60 13
4420 120 13
4420 180 13
4420 240 13
4420 300 13
4480 0 13
4480 60 13
4480 120 13
4480 180 13
4480 240 13
4480 300 13
4540 0 13
4540 60 13
4540 120 13
4540 180 13
4540 240 13
4540 300 13
4600 0 13
4600 60 13
4600 120 13
4600 180 13
4600 240 13
4600 300 13
5000 260 13
5000 320 13
5000 380 13
5000 440 13
5000 500 13
5000 560 13
5060 260 13
5060 320 13
5060 380 13
5060 440 13
5060 500 13
5060 560 13
5120 260 13
5120 320 13
5120 380 13
5120 440 13
5120 500 13
5120 560 13
5180 260 13
5180 320 13
5180 380 13
5180 440 13
5180 500 13
5180 560 13
5240 260 13
5240 320 13
5240 380 13
5240 440 13
5240 500 13
5240 560 13
5300 260 13
5300 320 13
5300 380 13
5300 440 13
5300 500 13
5300 560 13
5000 0 13
5000 10 8
5250 10 6
5000 240 4
5240 240 2
5060 0 13
5120 0 13
5180 0 13
5240 0 13
5300 0 13
5900 480 5
5900 0 13
5900 60 13
6400 340 4
6640 340 2
6400 130 8
6640 130 6
5900 120 13
5900 180 13
5900 240 13
5900 300 13
5900 360 13
5900 420 13
6400 360 13
6400 420 13
6400 480 13
6400 540 13
6460 360 13
6460 420 13
6460 480 13
6460 540 13
6520 360 13
6520 420 13
6520 480 13
6520 540 13
6580 360 13
6580 420 13
6580 480 13
6580 540 13
6640 360 13
6640 420 13
6640 480 13
6640 540 13
6700 360 13
6700 420 13
6700 480 13
6700 540 13
6400 0 13
6400 60 13
6400 120 13
6460 0 13
6460 60 13
6460 120 13
6520 0 13
6520 60 13
6520 120 13
6580 0 13
6580 60 13
6580 120 13
6640 0 13
6640 60 13
6640 120 13
6700 0 13
6700 60 13
6700 120 13
7600 0 13
7600 60 13
7600 120 13
7600 180 13
7600 240 13
7600 300 13
7600 360 13
7600 420 5
8600 240 1
8600 300 13
8600 360 13
8600 420 13
8600 480 13
8600 540 13
8600 0 5
10000 360 13
10060 360 13
10120 360 13
10180 360 13
10240 360 13
10300 360 13
10360 540 1
10420 540 1
10480 540 1
10540 540 1
10600 540 1
10660 540 1
10720 540 1
10780 540 1
10840 540 1
10900 540 1
10960 540 1
11020 540 1
12000 540 1
12300 540 1
12600 540 1
12900 540 1
13200 540 1
13500 540 1
14400 540 1
14700 120 5
15000 540 1
15300 120 5
15600 540 1
15900 120 5
16200 540 1
16500 120 5
18000 300 13
18000 360 13
18000 420 13
18000 480 13
18000 540 13
18400 0 13
18400 60 13
18400 120 13
18400 180 13
18400 240 13
18800 300 13
18800 360 13
18800 420 13
18800 480 13
18800 540 13
19200 0 13
19200 60 13
19200 120 13
19200 180 13
19200 240 13
19600 300 13
19600 360 13
19600 420 13
19600 480 13
19600 540 13
20000 0 13
20000 60 13
20000 120 13
20000 180 13
20000 240 13
20400 300 13
20400 360 13
20400 420 13
20400 480 13
20400 540 13
22000 540 1
14000 0 13
14000 60 13
14060 0 13
14060 60 13
14120 0 13
14120 60 13
14180 0 13
14180 60 13
14240 0 13
14240 60 13
14300 0 13
14300 60 13
14360 0 13
14360 60 13
14420 0 13
14420 60 13
14480 0 13
14480 60 13
14540 0 13
14540 60 13
14600 0 13
14600 60 13
14660 0 13
14660 60 13
14720 0 13
14720 60 13
14780 0 13
14780 60 13
14840 0 13
14840 60 13
14900 0 13
14900 60 13
14960 0 13
14960 60 13
15020 0 13
15020 60 13
15080 0 13
15080 60 13
15140 0 13
15140 60 13
15200 0 13
15200 60 13
15260 0 13
15260 60 13
15320 0 13
15320 60 13
15380 0 13
15380 60 13
15440 0 13
15440 60 13
15500 0 13
15500 60 13
15560 0 13
15560 60 13
15620 0 13
15620 60 13
15680 0 13
15680 60 13
15740 0 13
15740 60 13
15800 0 13
15800 60 13
15860 0 13
15860 60 13
15920 0 13
15920 60 13
15980 0 13
15980 60 13
16040 0 13
16040 60 13
16100 0 13
16100 60 13
16160 0 13
16160 60 13
16220 0 13
16220 60 13
16280 0 13
16280 60 13
16340 0 13
16340 60 13
16400 0 13
16400 60 13
16460 0 13
16460 60 13
22450 0 14