2300 420 13
2300 480 13
2300 540 13
2360 420 13
2360 480 13
2360 540 13
2420 420 13
2420 480 13
2420 540 13
2480 420 13
2480 480 13
2480 540 13
2540 420 13
2540 480 13
2540 540 13
2600 420 13
2600 480 13
2600 540 13
2660 420 13
2660 480 13
2660 540 13
2720 420 13
2720 480 13
2720 540 13
2780 420 13
2780 480 13
2780 540 13
2840 420 13
2840 480 13
2840 540 13
2900 420 13
2900 480 13
2900 540 13
2960 420 13
2960 480 13
2960 540 13
3020 420 13
3020 480 13
3020 540 13
3080 420 13
3080 480 13
3080 540 13
3140 420 13
3140 480 13
3140 540 13
3200 420 13
3200 480 13
3200 540 13
3260 420 13
3260 480 13
3260 540 13
3320 420 13
3320 480 13
3320 540 13
3380 420 13
3380 480 13
3380 540 13
3440 420 13
3440 480 13
3440 540 13
5000 80 13
5150 146 13
5300 59 13
5450 70 13
5600 438 13
5750 454 13
5900 181 13
6050 481 13
6200 213 13
6350 206 13
6500 458 13
6650 92 13
6800 452 13
6950 516 13
7100 150 13
7250 482 13
7400 229 13
7550 369 13
7700 490 13
7850 398 13
8000 399 13
8150 45 13
8300 395 13
8450 476 13
8600 170 13
8750 374 13
8900 33 13
9050 407 13
9200 483 13
9350 212 13
9500 162 13
9650 107 13
9800 203 13
9950 429 13
10100 433 13
10250 445 13
10400 462 13
10550 105 13
10700 37 13
10850 400 13
11000 438 13
11150 435 13
11300 141 13
11450 382 13
11600 461 13
11750 15 13
11900 368 13
12050 246 13
12200 172 13
12350 384 13
5000 514 13
5150 211 13
5300 356 13
5450 145 13
5600 534 13
5750 473 13
5900 237 13
6050 428 13
6200 375 13
6350 479 13
6500 484 13
6650 22 13
6800 460 13
6950 239 13
7100 158 13
7250 29 13
7400 23 13
7550 132 13
7700 370 13
7850 95 13
8000 10 13
8150 434 13
8300 168 13
8450 463 13
8600 150 13
8750 454 13
8900 74 13
9050 61 13
9200 503 13
9350 198 13
9500 62 13
9650 460 13
9800 358 13
9950 540 13
10100 387 13
10250 230 13
10400 229 13
10550 175 13
10700 371 13
10850 27 13
11000 351 13
11150 143 13
11300 517 13
11450 376 13
11600 61 13
11750 242 13
11900 418 13
12050 470 13
12200 421 13
12350 459 13
2120 200 10
4750 250 11
3620 400 12
3500 540 4
3745 540 4
3990 540 4
4235 540 4
4480 540 4
860 0 13
860 60 13
860 120 13
860 180 13
860 240 13
920 0 13
920 60 13
920 120 13
920 180 13
920 240 13
980 0 13
980 60 13
980 120 13
980 180 13
980 240 13
1040 0 13
1040 60 13
1040 120 13
1040 180 13
1040 240 13
1100 0 13
1100 60 13
1100 120 13
1100 180 13
1100 240 13
1160 0 13
1160 60 13
1160 120 13
1160 180 13
1160 240 13
1220 0 13
1220 60 13
1220 120 13
1220 180 13
1220 240 13
1280 0 13
1280 60 13
1280 120 13
1280 180 13
1280 240 13
1340 0 13
1340 60 13
1340 120 13
1340 180 13
1340 240 13
1400 0 13
1400 60 13
1400 120 13
1400 180 13
1400 240 13
1460 0 13
1460 60 13
1460 120 13
1460 180 13
1460 240 13
1520 0 13
1520 60 13
1520 120 13
1520 180 13
1520 240 13
1580 0 13
1580 60 13
1580 120 13
1580 180 13
1580 240 13
1640 0 13
1640 60 13
1640 120 13
1640 180 13
1640 240 13
1700 0 13
1700 60 13
1700 120 13
1700 180 13
1700 240 13
1760 0 13
1760 60 13
1760 120 13
1760 180 13
1760 240 13
1820 0 13
1820 60 13
1820 120 13
1820 180 13
1820 240 13
1880 0 13
1880 60 13
1880 120 13
1880 180 13
1880 240 13
2300 0 13
2300 60 13
2300 120 13
2360 0 13
2360 60 13
2360 120 13
2420 0 13
2420 60 13
2420 120 13
2480 0 13
2480 60 13
2480 120 13
2540 0 13
2540 60 13
2540 120 13
2600 0 13
2600 60 13
2600 120 13
2660 0 13
2660 60 13
2660 120 13
2720 0 13
2720 60 13
2720 120 13
2780 0 13
2780 60 13
2780 120 13
2840 0 13
2840 60 13
2840 120 13
2900 0 13
2900 60 13
2900 120 13
2960 0 13
2960 60 13
2960 120 13
3020 0 13
3020 60 13
3020 120 13
3080 0 13
3080 60 13
3080 120 13
3140 0 13
3140 60 13
3140 120 13
3200 0 13
3200 60 13
3200 120 13
3260 0 13
3260 60 13
3260 120 13
3320 0 13
3320 60 13
3320 120 13
3380 0 13
3380 60 13
3380 120 13
3440 0 13
3440 60 13
3440 120 13
3620 0 13
3620 60 13
3620 120 13
3620 180 13
3620 240 13
860 300 8
1100 300 8
1340 300 8
1580 300 8
1820 300 6
2300 180 8
2540 180 8
2780 180 8
3020 180 8
3260 180 8