0 600 30000 5
0 0 30000 5
2300 420 1200 180
5000 80 60 60
5150 146 60 60
5300 59 60 60
5450 70 60 60
5600 438 60 60
5750 454 60 60
5900 181 60 60
6050 481 60 60
6200 213 60 60
6350 206 60 60
6500 458 60 60
6650 92 60 60
6800 452 60 60
6950 516 60 60
7100 150 60 60
7250 482 60 60
7400 229 60 60
7550 369 60 60
7700 490 60 60
7850 398 60 60
8000 399 60 60
8150 45 60 60
8300 395 60 60
8450 476 60 60
8600 170 60 60
8750 374 60 60
8900 33 60 60
9050 407 60 60
9200 483 60 60
9350 212 60 60
9500 162 60 60
9650 107 60 60
9800 203 60 60
9950 429 60 60
10100 433 60 60
10250 445 60 60
10400 462 60 60
10550 105 60 60
10700 37 60 60
10850 400 60 60
11000 438 60 60
11150 435 60 60
11300 141 60 60
11450 382 60 60
11600 461 60 60
11750 15 60 60
11900 368 60 60
12050 246 60 60
12200 172 60 60
12350 384 60 60
5000 514 60 60
5150 211 60 60
5300 356 60 60
5450 145 60 60
5600 534 60 60
5750 473 60 60
5900 237 60 60
6050 428 60 60
6200 375 60 60
6350 479 60 60
6500 484 60 60
6650 22 60 60
6800 460 60 60
6950 239 60 60
7100 158 60 60
7250 29 60 60
7400 23 60 60
7550 132 60 60
7700 370 60 60
7850 95 60 60
8000 10 60 60
8150 434 60 60
8300 168 60 60
8450 463 60 60
8600 150 60 60
8750 454 60 60
8900 74 60 60
9050 61 60 60
9200 503 60 60
9350 198 60 60
9500 62 60 60
9650 460 60 60
9800 358 60 60
9950 540 60 60
10100 387 60 60
10250 230 60 60
10400 229 60 60
10550 175 60 60
10700 371 60 60
10850 27 60 60
11000 351 60 60
11150 143 60 60
11300 517 60 60
11450 376 60 60
11600 61 60 60
11750 242 60 60
11900 418 60 60
12050 470 60 60
12200 421 60 60
12350 459 60 60